1000
2
12805
501  499  
114 14
121 21
140 40
128 28
128 28
107 7
144 44
117 17
104 4
110 10
120 20
137 37
129 29
131 31
132 32
122 22
145 45
137 37
147 47
144 44
150 50
141 41
120 20
139 39
119 19
101 1
136 36
138 38
144 44
147 47
140 40
107 7
119 19
131 31
134 34
147 47
138 38
128 28
113 13
141 41
139 39
135 35
128 28
118 18
115 15
111 11
141 41
112 12
147 47
137 37
105 5
146 46
127 27
126 26
137 37
148 48
126 26
122 22
135 35
119 19
120 20
126 26
127 27
139 39
107 7
113 13
135 35
144 44
142 42
149 49
136 36
130 30
133 33
115 15
149 49
150 50
126 26
140 40
113 13
124 24
128 28
117 17
122 22
105 5
143 43
110 10
102 2
120 20
133 33
138 38
141 41
103 3
113 13
117 17
143 43
121 21
131 31
129 29
114 14
122 22
127 27
150 50
104 4
112 12
116 16
102 2
113 13
141 41
141 41
125 25
117 17
119 19
143 43
140 40
125 25
137 37
101 1
128 28
107 7
133 33
117 17
149 49
135 35
131 31
115 15
127 27
102 2
146 46
105 5
117 17
119 19
134 34
116 16
122 22
147 47
134 34
124 24
109 9
126 26
116 16
135 35
142 42
136 36
127 27
133 33
110 10
114 14
133 33
139 39
122 22
116 16
105 5
120 20
102 2
136 36
136 36
129 29
139 39
133 33
135 35
105 5
102 2
120 20
123 23
125 25
116 16
106 6
150 50
126 26
131 31
116 16
110 10
125 25
103 3
139 39
107 7
115 15
104 4
142 42
103 3
125 25
107 7
110 10
146 46
108 8
147 47
131 31
138 38
135 35
114 14
125 25
139 39
117 17
144 44
111 11
141 41
112 12
116 16
141 41
139 39
149 49
108 8
149 49
123 23
112 12
139 39
129 29
126 26
142 42
120 20
129 29
118 18
128 28
140 40
113 13
138 38
136 36
145 45
125 25
120 20
108 8
101 1
110 10
126 26
147 47
121 21
119 19
108 8
138 38
109 9
146 46
136 36
118 18
146 46
110 10
129 29
134 34
139 39
107 7
127 27
110 10
137 37
144 44
140 40
126 26
108 8
127 27
111 11
103 3
103 3
132 32
112 12
104 4
141 41
138 38
150 50
111 11
106 6
109 9
101 1
116 16
104 4
138 38
135 35
102 2
148 48
115 15
135 35
136 36
121 21
114 14
147 47
107 7
107 7
136 36
132 32
117 17
114 14
144 44
119 19
117 17
125 25
130 30
120 20
116 16
117 17
119 19
128 28
124 24
127 27
130 30
139 39
132 32
118 18
123 23
133 33
115 15
138 38
120 20
102 2
108 8
133 33
148 48
117 17
141 41
136 36
150 50
107 7
149 49
146 46
127 27
115 15
120 20
107 7
136 36
137 37
125 25
106 6
117 17
149 49
134 34
146 46
137 37
116 16
113 13
112 12
150 50
127 27
149 49
121 21
130 30
108 8
103 3
130 30
126 26
146 46
115 15
126 26
104 4
115 15
121 21
131 31
132 32
142 42
137 37
119 19
131 31
111 11
125 25
147 47
111 11
108 8
144 44
148 48
125 25
107 7
111 11
127 27
135 35
111 11
147 47
117 17
118 18
102 2
146 46
146 46
149 49
112 12
123 23
102 2
126 26
145 45
132 32
109 9
138 38
120 20
128 28
118 18
133 33
104 4
116 16
143 43
113 13
110 10
142 42
138 38
118 18
102 2
116 16
104 4
112 12
112 12
120 20
132 32
115 15
115 15
129 29
113 13
126 26
101 1
115 15
104 4
145 45
148 48
114 14
132 32
120 20
143 43
102 2
102 2
146 46
117 17
146 46
109 9
128 28
138 38
148 48
145 45
141 41
113 13
101 1
103 3
126 26
120 20
136 36
143 43
137 37
114 14
105 5
112 12
116 16
121 21
117 17
110 10
121 21
133 33
143 43
140 40
125 25
144 44
143 43
121 21
113 13
138 38
131 31
140 40
125 25
128 28
137 37
118 18
142 42
137 37
120 20
119 19
106 6
107 7
113 13
142 42
122 22
120 20
106 6
137 37
140 40
124 24
146 46
112 12
106 6
140 40
103 3
133 33
136 36
145 45
105 5
148 48
135 35
135 35
139 39
109 9
114 14
125 25
128 28
107 7
111 11
147 47
127 27
119 19
105 5
140 40
112 12
126 26
109 9
119 19
112 12
150 50
143 43
109 9
112 12
150 50
101 1
114 14
132 32
136 36
111 11
138 38
133 33
145 45
122 22
121 21
105 5
137 37
148 48
133 33
143 43
110 10
131 31
120 20
128 28
138 38
111 11
142 42
113 13
119 19
110 10
127 27
118 18
104 4
137 37
131 31
106 6
137 37
147 47
137 37
124 24
107 7
127 27
108 8
103 3
148 48
131 31
107 7
135 35
128 28
141 41
129 29
137 37
122 22
150 50
117 17
109 9
110 10
108 8
123 23
128 28
117 17
149 49
148 48
121 21
138 38
128 28
126 26
126 26
126 26
114 14
150 50
132 32
140 40
107 7
134 34
140 40
137 37
143 43
126 26
114 14
133 33
104 4
103 3
106 6
106 6
119 19
116 16
115 15
126 26
139 39
145 45
142 42
139 39
142 42
114 14
126 26
121 21
141 41
104 4
147 47
107 7
103 3
130 30
146 46
111 11
116 16
137 37
148 48
108 8
112 12
113 13
142 42
118 18
115 15
150 50
123 23
135 35
115 15
139 39
110 10
103 3
133 33
104 4
144 44
124 24
117 17
121 21
147 47
110 10
124 24
143 43
116 16
126 26
122 22
113 13
137 37
137 37
150 50
136 36
146 46
113 13
148 48
140 40
132 32
115 15
139 39
106 6
149 49
103 3
145 45
111 11
108 8
127 27
114 14
101 1
103 3
132 32
121 21
149 49
141 41
145 45
141 41
108 8
122 22
114 14
121 21
110 10
103 3
122 22
145 45
148 48
136 36
145 45
137 37
118 18
111 11
125 25
123 23
111 11
130 30
117 17
121 21
137 37
146 46
136 36
137 37
148 48
118 18
109 9
146 46
110 10
103 3
136 36
118 18
127 27
101 1
140 40
136 36
103 3
111 11
133 33
101 1
146 46
129 29
139 39
115 15
139 39
116 16
140 40
101 1
145 45
106 6
122 22
133 33
103 3
109 9
121 21
150 50
126 26
129 29
145 45
136 36
134 34
132 32
105 5
112 12
133 33
144 44
147 47
137 37
106 6
131 31
139 39
103 3
109 9
128 28
118 18
149 49
145 45
107 7
102 2
139 39
114 14
123 23
123 23
117 17
131 31
143 43
118 18
109 9
123 23
113 13
146 46
106 6
146 46
102 2
117 17
130 30
145 45
116 16
117 17
102 2
148 48
105 5
104 4
109 9
134 34
121 21
107 7
128 28
129 29
110 10
118 18
145 45
132 32
140 40
113 13
115 15
134 34
130 30
125 25
107 7
144 44
122 22
114 14
142 42
123 23
131 31
121 21
117 17
148 48
139 39
118 18
145 45
146 46
123 23
103 3
129 29
144 44
112 12
109 9
124 24
121 21
126 26
120 20
105 5
118 18
132 32
121 21
101 1
114 14
147 47
107 7
109 9
118 18
121 21
150 50
140 40
103 3
123 23
106 6
102 2
113 13
125 25
146 46
110 10
147 47
101 1
139 39
142 42
114 14
149 49
118 18
134 34
124 24
137 37
140 40
143 43
121 21
110 10
144 44
136 36
108 8
102 2
144 44
125 25
122 22
146 46
114 14
126 26
120 20
121 21
127 27
134 34
145 45
123 23
144 44
144 44
125 25
134 34
137 37
138 38
132 32
104 4
123 23
107 7
143 43
113 13
150 50
113 13
124 24
143 43
148 48
132 32
144 44
143 43
106 6
118 18
138 38
120 20
143 43
109 9
140 40
120 20
143 43
137 37
144 44
136 36
132 32
120 20
119 19
118 18
107 7
150 50
124 24
129 29
108 8
116 16
143 43
107 7
130 30
117 17
149 49
127 27
150 50
145 45
121 21
105 5
112 12
109 9
126 26
106 6
119 19
118 18
127 27
111 11
106 6
120 20
146 46
139 39
141 41
116 16
106 6
147 47
117 17
131 31
128 28
125 25
148 48
120 20
133 33
127 27
138 38
132 32
105 5
137 37
128 28
126 26
144 44
141 41
136 36
119 19
146 46
104 4
138 38
123 23
117 17
143 43
144 44
114 14
131 31
135 35
130 30
139 39
133 33
148 48
119 19
110 10
122 22
117 17
132 32
105 5
145 45
119 19
138 38
150 50
106 6
117 17
125 25
149 49
107 7
112 12
117 17
104 4
115 15
107 7
128 28
133 33
149 49
124 24
147 47
132 32
110 10
126 26
122 22
142 42
123 23
142 42
104 4
147 47
110 10
135 35
103 3
105 5
103 3
142 42
106 6
108 8
108 8
130 30
108 8
116 16
143 43
127 27
119 19
109 9
133 33
