2500
50
32416
45  53  50  40  39  51  63  46  55  55  42  39  52  51  48  54  49  54  51  54  52  45  57  49  51  61  55  49  47  45  47  53  55  37  47  53  64  57  54  50  48  55  50  42  46  45  59  48  43  45  
67 27
89 50
15 12
45 5
67 28
100 27
49 46
43 42
38 5
82 22
95 14
88 37
92 36
17 17
77 44
85 45
70 25
46 34
38 42
40 7
69 39
85 19
36 27
62 25
33 43
46 29
56 33
15 50
21 33
66 49
76 2
96 47
79 41
32 16
83 21
24 1
61 8
72 48
86 33
73 18
76 18
96 33
3 13
82 23
45 50
23 23
53 18
69 31
59 3
99 41
23 24
43 36
82 14
83 17
99 5
85 26
25 32
8 27
94 42
1 39
93 23
63 45
41 33
28 49
35 28
91 10
51 33
45 34
99 27
3 47
34 39
22 10
70 31
88 14
74 38
54 16
10 18
63 2
50 40
52 35
19 42
46 21
27 40
5 27
68 9
73 3
97 46
62 18
78 49
33 2
88 38
69 50
5 31
51 5
72 5
91 40
48 36
11 24
77 17
50 46
77 24
49 23
71 12
42 1
11 25
4 50
64 22
99 19
3 2
75 24
56 17
16 3
4 26
29 32
44 30
27 20
56 25
44 28
37 35
78 49
11 31
48 27
53 49
47 7
100 23
32 5
89 47
9 44
24 37
75 17
19 3
38 24
28 31
51 16
18 31
66 30
13 15
6 17
63 2
23 12
24 5
68 14
53 27
7 27
65 33
95 33
86 33
8 15
13 11
32 32
91 49
62 5
13 19
72 28
71 46
41 46
52 9
62 5
85 20
81 1
53 27
84 40
59 43
6 24
53 39
5 45
37 18
50 1
37 21
28 9
18 19
56 20
29 17
74 13
37 6
65 41
32 48
82 41
91 37
66 45
75 20
90 13
88 39
63 24
11 43
34 28
63 39
97 41
6 22
55 44
79 19
34 11
19 15
53 11
53 18
55 27
87 44
89 26
34 3
1 44
45 34
24 9
75 22
49 32
94 5
25 22
26 8
34 44
24 36
4 26
55 10
54 44
54 44
19 37
48 22
83 45
57 8
3 31
29 4
62 24
58 38
98 35
47 31
78 20
69 33
97 23
43 2
68 46
47 39
34 45
10 18
39 18
25 41
49 6
96 12
79 6
100 26
40 46
59 18
68 29
2 16
1 44
18 21
91 14
59 27
58 20
44 48
37 21
41 37
26 36
99 4
41 50
32 31
95 40
50 14
68 3
30 20
47 47
92 39
62 50
17 22
69 13
19 8
33 11
94 10
47 44
13 39
93 46
71 40
37 20
53 6
75 32
28 21
80 19
61 42
21 28
65 41
90 33
98 24
94 42
83 42
35 47
30 30
95 1
19 31
72 21
39 46
5 16
18 34
84 31
77 6
8 41
97 49
76 44
74 21
37 8
12 24
54 43
3 48
93 21
31 17
43 19
14 47
86 32
83 21
14 11
77 21
52 23
21 29
66 46
99 5
53 12
78 8
54 30
58 47
52 38
15 44
8 28
93 43
11 27
13 24
37 39
96 40
13 18
18 31
13 18
85 17
29 12
75 33
93 32
81 44
71 47
37 28
74 31
70 37
7 34
60 46
23 8
87 35
75 5
65 40
24 1
56 3
62 32
87 4
13 17
49 33
13 36
60 38
18 31
26 27
15 36
72 39
45 8
75 19
14 42
10 38
92 18
42 6
99 30
59 12
98 8
46 12
45 6
99 14
38 25
90 2
62 11
92 6
71 17
76 34
10 38
73 1
55 16
6 3
45 17
16 42
76 12
3 20
19 4
33 6
78 23
60 41
35 1
48 5
69 25
41 28
12 15
31 16
31 36
71 25
52 36
69 27
47 21
98 15
24 33
73 3
57 32
95 41
34 42
48 5
17 38
84 30
4 14
46 34
50 18
61 3
53 29
32 2
51 31
68 27
63 40
31 19
23 26
62 7
19 9
11 37
48 44
67 3
60 14
37 9
31 49
13 35
77 46
86 29
77 4
5 39
45 38
10 18
65 21
76 33
31 38
22 30
83 40
32 42
3 20
2 35
68 15
19 46
10 5
75 38
10 31
29 4
18 38
73 32
60 48
65 42
85 38
23 18
77 4
9 29
26 11
15 43
77 33
89 38
37 15
76 48
45 4
4 13
93 26
44 2
24 10
45 8
97 17
75 25
72 36
55 47
98 19
42 24
2 30
63 40
96 38
88 40
93 41
2 37
66 48
88 41
57 32
49 6
50 25
30 22
10 35
18 7
53 9
32 6
40 45
96 35
84 35
27 29
77 30
65 42
77 5
35 36
88 33
91 38
9 22
59 19
8 28
77 11
39 11
66 28
7 13
65 40
47 43
70 23
22 37
17 49
91 1
84 30
85 26
67 43
49 27
63 7
5 42
17 43
52 34
72 8
99 38
99 45
30 21
20 4
7 38
2 47
90 37
26 24
14 45
18 12
21 31
18 27
24 36
71 25
72 45
84 20
34 34
66 16
54 37
19 10
24 22
8 13
60 36
38 23
82 6
86 2
88 4
31 11
41 1
37 14
95 22
85 29
5 3
44 11
39 14
22 15
85 30
27 44
67 15
68 48
72 3
1 9
8 31
21 49
32 7
64 28
28 49
58 34
51 3
94 41
66 16
55 2
97 34
45 13
50 12
10 21
65 10
31 24
93 1
72 26
7 38
53 36
36 13
69 38
67 13
78 33
78 35
34 26
18 31
88 17
94 49
39 8
10 19
82 2
19 5
77 27
44 32
62 31
44 30
68 12
44 48
94 23
82 30
98 1
62 37
69 5
85 7
65 45
27 48
96 45
2 25
73 48
6 34
28 1
15 46
62 9
45 8
83 28
39 31
28 50
69 48
54 4
54 18
48 30
15 45
76 19
71 48
66 26
33 45
28 47
92 42
57 36
49 42
65 39
24 44
38 42
91 41
45 46
61 44
75 27
91 2
95 11
1 12
89 33
57 18
32 48
9 40
36 9
31 50
47 6
44 34
98 34
27 44
30 39
38 6
65 30
10 12
40 10
75 30
95 31
48 28
31 6
17 16
17 50
17 13
5 10
99 4
46 25
48 25
15 35
82 29
16 43
42 5
5 17
87 49
47 34
76 29
41 44
46 7
43 13
72 50
22 20
53 17
94 50
93 8
36 27
38 1
69 30
58 23
96 44
23 44
29 50
75 19
94 20
78 38
82 49
87 4
18 42
22 13
43 17
22 29
45 11
81 13
42 40
38 37
33 12
83 13
62 7
34 7
76 11
94 10
11 33
65 30
24 36
94 16
4 17
96 48
77 27
13 19
66 50
7 1
13 41
15 24
97 48
80 25
10 26
34 20
58 48
51 33
35 44
50 39
10 46
38 39
74 50
57 41
51 15
93 14
56 8
37 2
7 19
28 17
94 13
36 1
62 37
35 47
82 34
87 42
81 24
30 6
74 38
49 24
52 43
39 7
52 26
11 9
44 38
75 37
3 12
39 14
100 23
60 32
8 48
25 39
22 6
46 47
43 44
22 46
87 11
53 38
88 15
96 33
4 22
19 6
84 9
70 33
81 31
16 38
79 42
28 2
97 24
50 41
67 21
37 5
83 41
95 20
55 40
52 10
64 22
16 47
30 37
81 12
17 49
2 47
40 31
98 37
54 47
27 23
70 15
29 2
55 23
74 11
13 25
23 26
99 38
74 30
26 6
42 44
54 45
41 44
75 40
82 31
89 10
53 8
75 31
61 31
4 34
94 18
11 16
95 11
53 20
40 30
25 31
23 31
75 13
24 2
5 7
82 43
16 36
50 42
66 12
23 21
48 16
40 8
31 36
18 35
5 9
16 32
90 38
12 16
53 37
17 7
43 50
49 10
35 50
4 3
11 26
73 10
93 15
19 25
2 36
61 9
97 26
40 36
13 3
53 15
41 22
73 35
71 21
44 6
22 47
10 35
24 32
94 18
98 13
42 50
100 4
58 46
29 49
33 44
3 36
58 43
59 33
77 29
3 22
86 27
71 45
61 44
29 4
14 28
18 5
29 18
61 36
13 39
86 46
82 38
83 42
82 41
74 8
21 28
82 9
4 2
5 14
97 35
70 10
63 37
17 41
4 27
29 19
65 16
66 49
6 48
90 37
40 13
45 12
90 28
70 44
29 25
9 25
59 28
87 23
65 3
64 18
79 44
36 45
9 3
45 14
100 34
1 41
48 47
3 40
74 22
35 4
98 43
78 9
21 16
81 37
18 44
56 48
39 44
95 48
96 39
13 46
73 15
38 22
61 40
61 36
64 45
39 11
90 19
21 12
36 2
98 4
97 3
53 36
96 47
35 42
86 47
39 10
12 26
33 24
68 44
10 31
40 50
43 31
20 14
42 6
65 41
61 13
44 13
48 41
12 32
34 49
81 24
10 42
100 42
15 19
87 26
49 27
28 43
7 49
6 1
6 22
91 16
35 36
31 34
77 42
16 12
90 46
86 49
39 37
92 3
55 29
81 5
5 8
49 13
58 5
63 14
28 4
29 14
39 11
48 17
52 15
81 43
62 16
43 50
54 35
4 8
13 34
14 19
43 12
31 1
68 46
16 48
99 44
61 39
55 8
8 8
74 38
51 35
5 45
34 8
79 40
17 41
25 32
11 18
43 42
20 13
87 35
10 37
30 20
77 36
30 36
46 5
75 46
90 29
92 25
88 21
64 6
13 39
37 24
8 32
65 29
94 3
65 5
91 44
76 19
82 7
55 27
12 31
74 3
12 15
27 49
87 43
7 50
83 43
23 42
26 39
20 21
93 34
25 33
29 1
53 12
57 9
88 20
40 13
72 1
30 49
1 16
93 7
15 25
2 39
16 27
27 37
98 21
22 22
5 50
74 8
12 31
16 1
50 5
16 22
5 45
72 6
60 14
64 27
90 15
15 7
92 44
43 39
64 14
62 19
65 36
26 28
18 43
31 17
100 46
40 4
90 13
61 1
78 27
79 17
41 44
75 32
39 19
72 2
32 36
22 49
21 47
28 38
92 8
56 41
3 48
46 44
10 9
97 38
35 25
6 25
20 31
59 8
49 32
60 33
67 31
33 39
80 10
76 23
18 34
13 22
31 8
68 40
16 14
79 2
90 35
29 10
17 39
19 17
20 30
49 39
11 33
77 42
93 3
64 12
88 28
33 18
85 2
9 3
67 38
54 7
24 34
18 42
72 36
8 42
66 9
30 28
41 8
21 33
62 36
46 49
63 29
66 47
82 27
51 49
66 7
5 39
90 24
32 12
61 39
5 26
99 36
5 40
43 27
24 5
12 20
53 24
100 21
73 31
97 23
29 12
79 35
2 21
58 33
82 19
23 38
96 22
23 3
13 17
29 36
73 41
57 26
66 8
48 38
89 46
61 19
9 41
6 10
63 15
94 46
85 18
33 31
89 7
85 1
24 15
89 46
5 47
73 23
5 22
60 45
67 22
65 27
15 20
88 27
85 31
73 19
1 5
1 39
64 37
42 37
2 32
34 8
78 7
80 34
30 40
78 47
63 43
75 27
64 13
54 50
95 28
21 45
82 23
36 47
10 27
83 13
10 17
20 39
75 50
73 4
91 2
52 3
96 27
82 10
41 37
11 35
64 31
30 47
4 15
94 15
93 26
27 4
44 46
92 20
97 14
26 39
18 27
92 13
55 25
24 45
11 35
82 24
17 11
70 22
27 13
36 21
91 12
24 36
60 15
56 6
31 31
95 50
9 38
12 16
62 38
62 24
74 43
97 40
5 18
62 31
81 49
1 23
11 26
8 20
91 13
77 23
43 23
72 4
12 35
19 25
74 30
48 47
23 44
89 27
62 50
10 44
98 12
16 10
38 23
81 30
38 8
4 32
32 27
35 44
61 5
68 35
85 16
33 9
11 21
37 24
70 48
69 20
60 36
31 49
11 12
80 48
21 33
79 2
61 16
47 23
70 15
7 6
82 42
64 42
12 3
68 34
50 36
5 11
72 35
9 32
46 40
29 18
74 9
22 34
76 18
7 48
34 15
3 15
56 19
59 18
71 26
1 22
13 7
33 34
91 43
17 39
33 47
6 6
8 29
92 33
47 48
80 32
62 35
99 20
53 7
89 25
34 39
46 46
45 28
82 37
71 50
75 5
47 33
60 4
11 3
88 9
100 20
41 14
54 39
35 8
47 23
32 32
63 27
29 9
55 12
45 27
12 22
31 8
4 42
63 16
45 2
75 46
21 17
61 24
57 45
31 5
17 14
86 29
91 14
37 47
76 32
25 37
53 7
96 8
48 10
73 44
63 49
40 34
17 50
9 25
47 42
79 13
5 14
42 47
30 28
43 7
11 19
95 15
25 42
22 25
51 47
68 13
45 9
48 14
11 7
38 7
100 17
19 4
32 12
3 11
42 47
69 2
16 13
19 40
4 40
64 6
38 34
19 33
42 18
48 4
26 35
60 25
1 31
81 35
42 33
97 35
79 16
87 46
28 7
38 32
48 3
37 36
36 7
20 30
77 17
33 2
51 45
27 4
75 9
88 18
41 34
3 21
49 41
69 29
97 6
60 44
58 48
81 46
7 50
75 35
66 9
36 17
3 12
20 29
20 7
97 12
42 1
35 41
43 3
71 41
8 30
86 17
29 17
62 37
66 38
21 32
47 9
100 49
22 21
78 44
29 26
5 20
28 41
12 20
93 32
60 2
63 47
21 44
63 32
82 31
70 5
64 18
63 13
16 34
85 45
77 13
22 34
34 49
24 46
70 19
79 29
20 44
26 42
37 40
74 20
20 45
24 33
14 36
97 31
70 33
26 48
45 49
31 29
48 7
76 17
75 6
98 46
99 25
38 37
14 13
57 36
9 30
20 22
18 19
2 39
1 29
36 48
78 19
28 27
25 3
93 1
60 42
48 11
16 35
97 32
99 3
19 7
85 38
80 2
58 34
40 9
12 27
56 41
45 35
17 21
37 12
23 48
3 21
58 21
55 7
52 6
11 22
12 45
11 44
48 19
77 39
79 40
66 36
81 12
20 49
35 8
10 7
7 15
27 15
35 34
71 38
91 31
59 4
28 19
97 25
89 25
66 19
65 33
4 47
44 25
45 30
34 5
87 41
19 15
5 5
50 27
42 40
59 2
94 36
72 42
13 11
67 28
79 31
60 35
27 5
61 23
85 45
77 23
35 47
87 41
3 39
17 44
80 25
95 23
61 17
15 25
79 33
2 9
63 13
95 41
67 6
63 3
2 42
25 36
90 14
26 43
52 44
88 33
68 35
56 30
53 22
4 31
54 7
91 18
21 38
8 40
93 22
42 44
13 17
81 5
82 8
47 35
51 34
67 18
68 24
50 22
95 5
2 50
14 45
19 34
82 28
73 26
100 15
71 14
33 1
18 16
60 16
50 10
2 16
79 21
90 28
93 36
85 46
88 48
90 8
31 23
36 6
48 35
22 18
50 6
20 20
71 29
35 20
88 36
87 19
57 28
46 1
16 30
46 3
79 38
60 10
10 47
65 8
81 38
27 33
43 47
2 13
77 36
32 17
24 20
35 32
98 32
32 13
14 27
67 42
16 28
53 26
25 19
83 7
6 11
91 48
59 42
60 36
80 43
52 3
13 38
34 12
21 17
26 34
45 42
78 11
21 32
86 47
51 20
6 6
80 46
56 39
88 17
26 17
62 29
21 26
66 4
87 36
22 12
72 16
55 1
26 25
82 13
72 34
82 27
92 14
72 47
4 11
65 29
29 26
57 49
51 22
54 37
59 25
100 32
41 4
34 18
81 18
81 2
51 14
80 42
27 3
40 30
66 5
58 44
30 16
43 31
39 46
69 50
71 19
83 13
74 17
80 4
84 10
57 34
74 36
28 2
91 17
82 6
71 41
1 1
9 43
33 47
91 1
96 13
21 29
75 45
95 4
48 30
14 7
15 39
44 44
90 34
61 23
41 33
66 42
83 24
36 17
20 28
68 18
90 40
46 14
34 42
18 34
73 33
90 37
21 33
81 12
19 43
85 9
75 2
52 10
75 40
76 46
17 43
13 7
35 8
22 18
1 39
1 23
21 42
60 43
75 42
55 43
84 41
3 10
92 7
19 16
98 45
11 14
89 26
72 23
33 44
43 36
84 45
58 7
37 19
1 13
12 5
7 47
97 11
57 38
67 25
5 14
21 18
30 10
43 3
84 27
98 26
12 32
21 20
90 9
38 40
71 50
97 29
96 43
89 2
81 6
79 35
71 49
52 2
60 46
5 44
73 2
69 34
35 41
53 24
49 43
66 21
92 12
99 39
54 38
43 34
95 23
71 17
71 24
69 31
20 25
26 42
78 44
75 13
87 30
88 35
22 3
6 15
14 6
3 18
43 47
53 37
69 23
6 40
49 24
22 18
50 47
11 27
92 35
91 28
64 29
65 35
83 22
49 49
77 4
16 22
100 20
60 19
43 15
60 43
38 31
10 39
79 20
66 22
56 8
52 22
86 16
8 21
89 9
69 15
12 36
88 13
55 48
31 49
12 42
91 2
74 50
40 4
71 7
26 27
65 27
98 50
44 5
22 32
13 40
48 26
25 36
39 30
83 21
28 44
63 19
95 38
70 37
92 41
43 17
19 7
45 16
9 38
72 30
19 37
72 16
12 46
53 2
27 35
23 7
81 37
77 27
76 48
13 17
38 6
35 8
14 29
75 22
66 47
52 36
35 23
2 46
70 6
100 49
41 24
7 23
62 33
99 37
32 14
4 20
19 40
29 32
69 4
6 36
2 7
22 36
31 25
33 2
80 32
52 22
5 8
44 16
92 43
3 24
58 8
45 26
47 23
59 17
28 14
53 29
72 24
64 4
48 47
6 29
28 9
51 35
19 44
2 10
88 4
85 45
13 31
72 12
54 31
78 31
46 32
10 18
55 25
23 4
21 30
33 1
89 33
37 7
28 38
68 16
42 3
12 6
33 34
17 38
66 47
71 11
28 32
80 35
56 3
40 29
82 22
29 22
6 17
28 34
54 48
1 47
100 14
53 34
99 21
22 14
67 44
27 47
75 8
33 30
12 22
10 44
96 40
67 1
6 47
86 10
94 38
6 43
54 8
28 2
31 49
16 49
92 44
95 18
51 29
100 13
51 9
8 48
99 26
50 4
72 38
15 15
25 21
9 30
30 37
82 10
37 49
9 31
42 5
98 44
34 47
58 36
58 17
33 6
43 32
11 14
69 26
79 46
46 37
75 25
75 8
87 12
56 47
92 49
1 39
93 36
38 50
73 45
19 7
50 11
39 12
74 9
37 4
56 34
43 31
61 17
38 47
28 46
93 19
94 45
60 36
83 47
88 5
91 6
12 42
66 2
3 41
60 42
95 16
25 39
98 35
5 37
83 33
32 25
3 26
72 12
63 4
10 50
60 2
7 23
95 24
24 48
67 36
41 13
3 15
1 2
2 5
38 34
89 22
11 42
47 32
5 11
87 17
63 46
18 19
69 13
45 44
62 11
31 4
23 33
18 23
36 21
79 24
55 18
95 15
11 43
98 17
53 34
33 15
81 3
36 49
67 30
45 28
90 25
81 12
60 50
86 45
21 14
20 27
31 14
43 43
58 40
60 13
23 44
77 3
46 12
4 12
43 48
91 32
74 23
95 33
25 32
80 47
96 49
23 28
65 15
71 22
4 32
36 28
25 13
32 21
76 35
34 19
34 27
2 8
99 49
92 25
80 23
71 27
22 45
5 38
61 27
11 14
8 47
93 34
59 25
6 36
11 40
4 45
68 8
4 18
6 47
93 35
70 15
64 41
60 18
28 20
46 38
36 5
84 28
88 44
4 44
80 15
85 35
11 2
92 14
69 47
60 13
34 29
28 47
71 39
16 48
58 11
88 45
17 23
25 4
17 28
49 48
94 35
82 4
88 24
17 9
22 29
21 7
57 50
55 30
38 20
29 48
82 16
92 48
91 16
54 9
96 4
6 39
39 39
93 26
64 11
34 36
89 7
44 48
6 49
77 46
20 5
43 2
73 34
51 13
50 6
73 47
62 28
85 50
16 29
77 30
90 13
17 30
69 12
27 26
10 5
21 32
12 13
35 34
49 35
98 50
93 20
46 4
99 30
5 14
59 31
45 50
95 13
29 15
25 8
41 36
62 13
67 23
28 1
8 26
38 5
25 32
26 20
35 24
99 41
90 9
23 36
8 18
51 37
32 27
44 24
64 7
37 31
30 14
83 39
91 22
46 15
53 21
36 39
47 36
81 38
95 4
73 4
21 25
90 4
1 35
28 15
94 16
47 25
31 31
63 21
5 8
35 7
31 20
48 27
55 30
16 1
83 40
55 5
15 46
59 17
33 36
83 26
53 29
100 33
62 14
3 16
22 39
74 4
10 23
80 16
53 47
17 35
86 23
90 50
70 50
67 2
37 1
79 39
30 30
71 43
44 25
8 17
65 31
20 24
54 1
41 6
97 9
92 32
31 33
34 1
32 2
54 18
52 33
8 33
62 30
75 7
54 32
73 18
15 44
43 20
94 34
77 42
92 18
76 25
1 11
75 34
12 30
4 15
64 11
100 28
93 24
34 48
8 9
16 22
2 10
93 48
93 19
41 37
36 16
11 38
76 37
24 39
16 27
6 32
89 5
9 31
78 42
31 37
52 46
10 6
7 2
53 2
70 45
88 8
61 50
97 38
38 20
79 5
98 34
36 39
88 44
71 17
86 1
6 39
98 15
94 5
17 46
56 38
91 45
47 3
96 44
42 33
15 20
37 13
55 23
51 44
16 23
63 3
74 18
42 21
82 35
27 50
33 34
40 25
28 36
29 25
29 22
7 46
94 44
8 48
68 10
94 35
82 6
40 7
75 31
30 6
67 6
58 1
90 47
77 19
82 7
44 13
79 2
58 22
97 17
71 14
26 16
51 9
71 40
18 45
22 47
53 40
2 10
91 43
58 19
12 39
28 7
53 6
8 12
29 5
78 1
20 5
67 20
66 39
59 33
86 30
29 38
20 30
99 12
73 6
32 36
46 9
94 1
16 1
12 46
57 40
47 29
44 15
50 11
53 9
43 38
40 21
27 11
53 25
24 27
32 8
12 28
66 5
28 34
57 41
29 16
80 27
46 26
91 45
36 46
55 31
33 45
1 12
57 5
88 33
81 20
40 44
49 7
100 28
90 9
18 21
74 48
97 19
25 38
65 12
83 20
42 17
66 45
30 22
99 18
6 30
37 45
75 35
54 27
64 43
35 31
13 10
30 12
30 4
49 44
66 33
13 9
1 28
53 31
52 2
48 9
83 36
6 9
72 9
35 35
1 19
15 16
80 45
27 9
50 27
